1
2
3
4
54
56546
5667
3545634561
2
3
4
54
56546
5667
3545634561
2
3
4
54
56546
5667
3545634561
2
3
4
54
56546
5667
3545634561
2
3
4
54
56546
5667
3545634561
2
3
4
54
56546
5667
3545634561
2
3
4
54
56546
5667
3545634561
2
3
4
54
56546
5667
3545634561
2
3
4
54
56546
5667
3545634561
2
3
4
54
56546
5667
3545634561
2
3
4
54
56546
5667
3545634561
2
3
4
54
56546
5667
3545634561
2
3
4
54
56546
5667
3545634561
2
3
4
54
56546
5667
3545634561
2
3
4
54
56546
5667
3545634561
2
3
4
54
56546
5667
3545634561
2
3
4
54
56546
5667
3545634561
2
3
4
54
56546
5667
3545634561
2
3
4
54
56546
5667
3545634561
2
3
4
54
56546
5667
3545634561
2
3
4
54
56546
5667
asdfasdj354563456fsdf
sdflksdjf
sdfsdf
sdfsd
fsdf
sd
f









